Matriks yang dihasilkan :
3500      70      10      80      3000      36     
4500      90      10      60      2500      48     
4000      80      9      90      2000      48     
4000      70      8      50      1500      60     

pembagi :
8031.1892021045     155.8845726812     18.574175621007     143.52700094407     4636.8092477479     97.488460855632     
Matriks ternormalisasi :
0.43580096445528     0.44905020936971     0.53838190205817     0.55738641143329     0.64699663922063     0.369274472938     
0.56031552572822     0.57735026918963     0.53838190205817     0.41803980857497     0.53916386601719     0.49236596391733     
0.49805824509175     0.51320023927967     0.48454371185235     0.62705971286246     0.43133109281375     0.49236596391733     
0.49805824509175     0.44905020936971     0.43070552164653     0.34836650714581     0.32349831961032     0.61545745489666     

ambilKepentingan :
4      5      4      3      3      2     
Matriks terboboti :
1.7432038578211     2.2452510468485     2.1535276082327     1.6721592342999     1.9409899176619     0.738548945876     
2.2412621029129     2.8867513459481     2.1535276082327     1.2541194257249     1.6174915980516     0.98473192783466     
1.992232980367     2.5660011963983     1.9381748474094     1.8811791385874     1.2939932784413     0.98473192783466     
1.992232980367     2.2452510468485     1.7228220865861     1.0450995214374     0.97049495883095     1.2309149097933     

ambilBenefit :
cost      benefit      benefit      benefit      benefit      benefit     
Matriks A+- :
1.7432038578211     2.8867513459481     2.1535276082327     1.8811791385874     1.9409899176619     1.2309149097933     
2.2412621029129     2.2452510468485     1.7228220865861     1.0450995214374     0.97049495883095     0.738548945876     

Matriks D+- :
0.83524618919062     1.3298998497978     
0.89806632405173     1.058267410572     
0.83095347985025     1.0370917623416     
1.5165536506591     0.55176058784604     


hitungV : 0.61423101529869     0.54094421204446     0.55517486349781     0.26676825869787     

ambilNamaInd : Galaxy      Iphone      BB      Lumia     

ambilIndeksVektorDesc : 0      2      1      3     

Matriks hasilAkhir :
Galaxy     0.61423101529869     
BB     0.55517486349781     
Iphone     0.54094421204446     
Lumia     0.26676825869787     

